{
 "cells": [
  {
   "cell_type": "code",
   "execution_count": 4,
   "id": "394ca3c0",
   "metadata": {},
   "outputs": [
    {
     "name": "stdout",
     "output_type": "stream",
     "text": [
      "\n",
      "Cross-validated performance (5-fold):\n",
      "position  n_rows  n_features cfb_proj_coverage  mse_mean  mse_std  mae_mean  mae_std  r2_mean   r2_std\n",
      "      QB     807          30         503 / 807 27.414998 3.592162  4.116327 0.208290 0.448131 0.054178\n",
      "      RB    1725          34        976 / 1725 14.049023 1.889964  2.853903 0.155104 0.545242 0.046264\n",
      "      TE    1303          34        721 / 1303  6.654169 0.429293  1.964139 0.105740 0.587794 0.028482\n",
      "      WR    2285          34       1463 / 2285 12.094078 0.725841  2.756559 0.077874 0.590251 0.037567\n"
     ]
    }
   ],
   "source": [
    "import pandas as pd\n",
    "import numpy as np\n",
    "\n",
    "from sklearn.model_selection import KFold, cross_validate\n",
    "from sklearn.pipeline import Pipeline\n",
    "from sklearn.impute import SimpleImputer\n",
    "from sklearn.ensemble import RandomForestRegressor\n",
    "from sklearn.metrics import mean_squared_error, mean_absolute_error, r2_score, make_scorer\n",
    "\n",
    "RANDOM_STATE = 42\n",
    "N_SPLITS = 5\n",
    "\n",
    "# ---- paths ----\n",
    "TRAIN_PATHS = {\n",
    "    \"QB\": \"../data/processed/nfl_to_nfl_qb_train.csv\",\n",
    "    \"RB\": \"../data/processed/nfl_to_nfl_rb_train.csv\",\n",
    "    \"WR\": \"../data/processed/nfl_to_nfl_wr_train.csv\",\n",
    "    \"TE\": \"../data/processed/nfl_to_nfl_te_train.csv\",\n",
    "}\n",
    "\n",
    "# CFB projections file (output of cfb_to_nfl_model.py)\n",
    "CFB_PROJ_PATH = \"../data/processed/cfb_to_nfl_all_projections.csv\"\n",
    "\n",
    "TARGET_COL = \"target_fp_ppr\"\n",
    "\n",
    "# ---- scorers ----\n",
    "mse_scorer = make_scorer(mean_squared_error, greater_is_better=False)\n",
    "mae_scorer = make_scorer(mean_absolute_error, greater_is_better=False)\n",
    "\n",
    "# ---- Load CFB projections once, keyed by nfl_player_id ----\n",
    "cfb_proj = pd.read_csv(CFB_PROJ_PATH)\n",
    "cfb_proj = (\n",
    "    cfb_proj[[\"nfl_player_id\", \"cfb_projected_ppr\"]]\n",
    "    .rename(columns={\"nfl_player_id\": \"player_id\"})\n",
    "    .dropna(subset=[\"player_id\"])\n",
    "    .drop_duplicates(subset=[\"player_id\"])  # one projection per player\n",
    ")\n",
    "\n",
    "\n",
    "def train_and_cv_position(pos: str, path: str):\n",
    "    df = pd.read_csv(path)\n",
    "\n",
    "    # Basic hygiene: drop rows missing target\n",
    "    df = df.dropna(subset=[TARGET_COL]).copy()\n",
    "\n",
    "    # \u2500\u2500 Join cfb_projected_ppr (NA for veterans with no CFB data) \u2500\u2500\u2500\u2500\u2500\u2500\u2500\u2500\u2500\u2500\u2500\u2500\n",
    "    df = df.merge(cfb_proj, on=\"player_id\", how=\"left\")\n",
    "\n",
    "    # Define feature set: drop id + season bookkeeping + target columns\n",
    "    drop_cols = {TARGET_COL, \"target_games\", \"target_season\"}\n",
    "    drop_cols.update({\"season\"})  # comment out if you want season as a feature\n",
    "    drop_cols.update({\"player_id\"})\n",
    "\n",
    "    X = df.drop(columns=[c for c in drop_cols if c in df.columns])\n",
    "    y = df[TARGET_COL].astype(float)\n",
    "\n",
    "    # Coerce everything to numeric; invalid -> NaN, handled by imputer\n",
    "    X = X.apply(pd.to_numeric, errors=\"coerce\")\n",
    "\n",
    "    model = RandomForestRegressor(\n",
    "        n_estimators=600,\n",
    "        random_state=RANDOM_STATE,\n",
    "        n_jobs=-1,\n",
    "        min_samples_leaf=2,\n",
    "    )\n",
    "\n",
    "    pipe = Pipeline(steps=[\n",
    "        (\"imputer\", SimpleImputer(strategy=\"median\")),\n",
    "        (\"rf\", model),\n",
    "    ])\n",
    "\n",
    "    cv = KFold(n_splits=N_SPLITS, shuffle=True, random_state=RANDOM_STATE)\n",
    "\n",
    "    cv_results = cross_validate(\n",
    "        pipe, X, y, cv=cv,\n",
    "        scoring={\"neg_mse\": mse_scorer, \"neg_mae\": mae_scorer, \"r2\": \"r2\"},\n",
    "        return_train_score=False,\n",
    "        n_jobs=-1\n",
    "    )\n",
    "\n",
    "    summary = {\n",
    "        \"position\": pos,\n",
    "        \"n_rows\": len(df),\n",
    "        \"n_features\": X.shape[1],\n",
    "        \"cfb_proj_coverage\": f\"{df['cfb_projected_ppr'].notna().sum()} / {len(df)}\",\n",
    "        \"mse_mean\": float((-cv_results[\"test_neg_mse\"]).mean()),\n",
    "        \"mse_std\": float((-cv_results[\"test_neg_mse\"]).std(ddof=1)),\n",
    "        \"mae_mean\": float((-cv_results[\"test_neg_mae\"]).mean()),\n",
    "        \"mae_std\": float((-cv_results[\"test_neg_mae\"]).std(ddof=1)),\n",
    "        \"r2_mean\": float(cv_results[\"test_r2\"].mean()),\n",
    "        \"r2_std\": float(cv_results[\"test_r2\"].std(ddof=1)),\n",
    "    }\n",
    "\n",
    "    # Fit final model on all training data\n",
    "    pipe.fit(X, y)\n",
    "\n",
    "    return pipe, summary, list(X.columns)\n",
    "\n",
    "\n",
    "def main():\n",
    "    models = {}\n",
    "    feature_cols = {}\n",
    "    summaries = []\n",
    "\n",
    "    for pos, path in TRAIN_PATHS.items():\n",
    "        pipe, summary, cols = train_and_cv_position(pos, path)\n",
    "        models[pos] = pipe\n",
    "        feature_cols[pos] = cols\n",
    "        summaries.append(summary)\n",
    "\n",
    "    results_df = pd.DataFrame(summaries).sort_values(\"position\")\n",
    "    print(\"\\nCross-validated performance (5-fold):\")\n",
    "    print(results_df.to_string(index=False))\n",
    "\n",
    "    return models, feature_cols, results_df\n",
    "\n",
    "\n",
    "if __name__ == \"__main__\":\n",
    "    models, feature_cols, results_df = main()\n"
   ]
  },
  {
   "cell_type": "code",
   "execution_count": 5,
   "id": "9d07e71e",
   "metadata": {},
   "outputs": [
    {
     "name": "stdout",
     "output_type": "stream",
     "text": [
      " player_id  season  pred_fp_ppr_2026 position  cfb_projected_ppr  rank_pos\n",
      "00-0034857  2025.0         20.183545       QB          13.461365         1\n",
      "00-0039851  2025.0         19.864700       QB          14.212158         2\n",
      "00-0033873  2025.0         18.538625       QB          11.353202         3\n",
      "00-0026498  2025.0         17.853942       QB                NaN         4\n",
      "00-0036355  2025.0         17.834598       QB          14.370493         5\n",
      "00-0036971  2025.0         17.639556       QB          13.501089         6\n",
      "00-0036389  2025.0         17.244188       QB           6.996988         7\n",
      "00-0039732  2025.0         16.833876       QB          13.725655         8\n",
      "00-0033077  2025.0         16.714351       QB           7.227229         9\n",
      "00-0037834  2025.0         16.674249       QB           6.667465        10\n",
      "00-0033280  2025.0         22.455047       RB          14.720759         1\n",
      "00-0038542  2025.0         19.060821       RB          15.176983         2\n",
      "00-0039139  2025.0         17.668151       RB          13.952446         3\n",
      "00-0039040  2025.0         17.145369       RB                NaN         4\n",
      "00-0036223  2025.0         15.861886       RB          13.619728         5\n",
      "00-0036997  2025.0         14.659792       RB          13.135849         6\n",
      "00-0040122  2025.0         14.479711       RB          14.127249         7\n",
      "00-0036275  2025.0         14.213691       RB          13.742964         8\n",
      "00-0038597  2025.0         14.046704       RB           4.779581         9\n",
      "00-0037248  2025.0         13.916157       RB           6.993346        10\n",
      "00-0039075  2025.0         19.153548       WR           5.338751         1\n",
      "00-0038543  2025.0         18.098828       WR           9.043928         2\n",
      "00-0036963  2025.0         17.020688       WR           5.893028         3\n",
      "00-0036900  2025.0         16.905763       WR          13.754992         4\n",
      "00-0037238  2025.0         15.216221       WR           9.789611         5\n",
      "00-0037239  2025.0         15.058290       WR          11.048606         6\n",
      "00-0037247  2025.0         14.910901       WR           8.152825         7\n",
      "00-0039067  2025.0         14.729452       WR           7.819381         8\n",
      "00-0039064  2025.0         14.292198       WR          10.606116         9\n",
      "00-0036554  2025.0         14.232564       WR           5.209424        10\n",
      "00-0037744  2025.0         15.815346       TE           6.392827         1\n",
      "00-0036970  2025.0         12.307903       TE           8.828515         2\n",
      "00-0030506  2025.0         11.623894       TE           6.095931         3\n",
      "00-0040128  2025.0         11.495679       TE           8.516765         4\n",
      "00-0039338  2025.0         10.997161       TE           9.245417         5\n",
      "00-0039065  2025.0         10.685538       TE           7.779238         6\n",
      "00-0038996  2025.0         10.434954       TE           4.622687         7\n",
      "00-0036040  2025.0         10.338883       TE                NaN         8\n",
      "00-0033288  2025.0         10.252547       TE           4.151158         9\n",
      "00-0040126  2025.0         10.041421       TE           8.588070        10\n"
     ]
    }
   ],
   "source": [
    "import pickle\n",
    "\n",
    "PREDICT_PATHS = {\n",
    "    \"QB\": \"../data/processed/nfl_to_nfl_qb_predict_2026.csv\",\n",
    "    \"RB\": \"../data/processed/nfl_to_nfl_rb_predict_2026.csv\",\n",
    "    \"WR\": \"../data/processed/nfl_to_nfl_wr_predict_2026.csv\",\n",
    "    \"TE\": \"../data/processed/nfl_to_nfl_te_predict_2026.csv\",\n",
    "}\n",
    "\n",
    "CFB_PREDICT_PATHS = {\n",
    "    \"QB\": \"../data/processed/cfb_to_nfl_qb_predict_2026.csv\",\n",
    "    \"RB\": \"../data/processed/cfb_to_nfl_rb_predict_2026.csv\",\n",
    "    \"WR\": \"../data/processed/cfb_to_nfl_wr_predict_2026.csv\",\n",
    "    \"TE\": \"../data/processed/cfb_to_nfl_te_predict_2026.csv\",\n",
    "}\n",
    "\n",
    "MODEL_DIR = \"../models\"\n",
    "\n",
    "# CFB projections lookup \u2014 used to populate cfb_projected_ppr for veterans\n",
    "cfb_proj = pd.read_csv(\"../data/processed/cfb_to_nfl_all_projections.csv\")\n",
    "cfb_proj = (\n",
    "    cfb_proj[[\"nfl_player_id\", \"cfb_projected_ppr\"]]\n",
    "    .rename(columns={\"nfl_player_id\": \"player_id\"})\n",
    "    .dropna(subset=[\"player_id\"])\n",
    "    .drop_duplicates(subset=[\"player_id\"])\n",
    ")\n",
    "\n",
    "\n",
    "def predict_position(pos: str, model, path: str, feat_cols: list) -> pd.DataFrame:\n",
    "\n",
    "    # \u2500\u2500 Score veterans with the NFL model \u2500\u2500\u2500\u2500\u2500\u2500\u2500\u2500\u2500\u2500\u2500\u2500\u2500\u2500\u2500\u2500\u2500\u2500\u2500\u2500\u2500\u2500\u2500\u2500\u2500\u2500\u2500\u2500\u2500\u2500\u2500\u2500\u2500\u2500\u2500\u2500\n",
    "    vet_df = pd.read_csv(path)\n",
    "    vet_df = vet_df.merge(cfb_proj, on=\"player_id\", how=\"left\")\n",
    "\n",
    "    id_cols = [c for c in [\"player_id\", \"season\"] if c in vet_df.columns]\n",
    "    X_vet = vet_df.reindex(columns=feat_cols).apply(pd.to_numeric, errors=\"coerce\")\n",
    "    vet_preds = model.predict(X_vet)\n",
    "\n",
    "    vet_out = vet_df[id_cols].copy()\n",
    "    vet_out[\"pred_fp_ppr_2026\"] = vet_preds\n",
    "    vet_out[\"position\"] = pos\n",
    "    vet_out[\"is_rookie\"] = 0\n",
    "    vet_out[\"cfb_projected_ppr\"] = vet_df[\"cfb_projected_ppr\"].values\n",
    "\n",
    "    # \u2500\u2500 Score rookies with the NFL model using cfb_projected_ppr as key feature\n",
    "    with open(f\"{MODEL_DIR}/cfb_to_nfl_{pos.lower()}_rf.pkl\", \"rb\") as f:\n",
    "        artifact = pickle.load(f)\n",
    "\n",
    "    cfb_df = pd.read_csv(CFB_PREDICT_PATHS[pos])\n",
    "    X_cfb = pd.DataFrame(\n",
    "        artifact[\"imputer\"].transform(cfb_df.reindex(columns=artifact[\"feature_cols\"])),\n",
    "        columns=artifact[\"feature_cols\"]\n",
    "    )\n",
    "    cfb_projected = artifact[\"model\"].predict(X_cfb)\n",
    "\n",
    "    # All NFL stats are NA for rookies \u2014 imputer fills with training medians\n",
    "    # cfb_projected_ppr is the key signal the model uses for them\n",
    "    rookie_X = pd.DataFrame(np.nan, index=cfb_df.index, columns=feat_cols)\n",
    "    if \"cfb_projected_ppr\" in feat_cols:\n",
    "        rookie_X[\"cfb_projected_ppr\"] = cfb_projected\n",
    "    rookie_X = rookie_X.apply(pd.to_numeric, errors=\"coerce\")\n",
    "    rookie_preds = model.predict(rookie_X)\n",
    "\n",
    "    rookie_out = pd.DataFrame()\n",
    "    rookie_out[\"player_id\"] = cfb_df[\"nfl_player_id\"] if \"nfl_player_id\" in cfb_df.columns else np.nan\n",
    "    rookie_out[\"season\"] = np.nan\n",
    "    rookie_out[\"pred_fp_ppr_2026\"] = rookie_preds\n",
    "    rookie_out[\"position\"] = pos\n",
    "    rookie_out[\"is_rookie\"] = 1\n",
    "    rookie_out[\"cfb_projected_ppr\"] = cfb_projected\n",
    "\n",
    "    # \u2500\u2500 Combine, sort, rank \u2500\u2500\u2500\u2500\u2500\u2500\u2500\u2500\u2500\u2500\u2500\u2500\u2500\u2500\u2500\u2500\u2500\u2500\u2500\u2500\u2500\u2500\u2500\u2500\u2500\u2500\u2500\u2500\u2500\u2500\u2500\u2500\u2500\u2500\u2500\u2500\u2500\u2500\u2500\u2500\u2500\u2500\u2500\u2500\u2500\u2500\u2500\u2500\u2500\u2500\u2500\n",
    "    out = pd.concat([vet_out, rookie_out], ignore_index=True)\n",
    "    out = out.sort_values(\"pred_fp_ppr_2026\", ascending=False).reset_index(drop=True)\n",
    "    out[\"rank_pos\"] = np.arange(1, len(out) + 1)\n",
    "    return out\n",
    "\n",
    "\n",
    "# \u2500\u2500 Generate predictions \u2500\u2500\u2500\u2500\u2500\u2500\u2500\u2500\u2500\u2500\u2500\u2500\u2500\u2500\u2500\u2500\u2500\u2500\u2500\u2500\u2500\u2500\u2500\u2500\u2500\u2500\u2500\u2500\u2500\u2500\u2500\u2500\u2500\u2500\u2500\u2500\u2500\u2500\u2500\u2500\u2500\u2500\u2500\u2500\u2500\u2500\u2500\u2500\u2500\u2500\u2500\u2500\u2500\n",
    "all_preds = []\n",
    "for pos, path in PREDICT_PATHS.items():\n",
    "    pred_df = predict_position(pos, models[pos], path, feature_cols[pos])\n",
    "    all_preds.append(pred_df)\n",
    "    pred_df.to_csv(f\"../data/processed/nfl_to_nfl_{pos.lower()}_predictions_2026.csv\", index=False)\n",
    "    print(f\"{pos}: {len(pred_df)} total ({(pred_df['is_rookie']==1).sum()} rookies, {(pred_df['is_rookie']==0).sum()} veterans)\")\n",
    "\n",
    "all_preds_df = pd.concat(all_preds, ignore_index=True)\n",
    "all_preds_df.to_csv(\"../data/processed/nfl_to_nfl_all_predictions_2026.csv\", index=False)\n",
    "print(\"\\nTop 5 per position:\")\n",
    "print(all_preds_df.groupby(\"position\").head(5).to_string(index=False))\n"
   ]
  },
  {
   "cell_type": "code",
   "execution_count": 6,
   "id": "a4f68103",
   "metadata": {},
   "outputs": [
    {
     "name": "stderr",
     "output_type": "stream",
     "text": [
      "C:\\Users\\Samg1\\AppData\\Local\\Temp\\ipykernel_15388\\4251301044.py:1: DtypeWarning: Columns (98,114) have mixed types. Specify dtype option on import or set low_memory=False.\n",
      "  nfl_stats = pd.read_csv('../data/raw/nfl_player_stats_2011_2025.csv')\n"
     ]
    },
    {
     "name": "stdout",
     "output_type": "stream",
     "text": [
      "position  rank_pos  player_id         player_name  season  pred_fp_ppr_2026  cfb_projected_ppr\n",
      "      QB         1 00-0034857          Josh Allen  2025.0         20.183545          13.461365\n",
      "      QB         2 00-0039851          Drake Maye  2025.0         19.864700          14.212158\n",
      "      QB         3 00-0033873     Patrick Mahomes  2025.0         18.538625          11.353202\n",
      "      QB         4 00-0026498    Matthew Stafford  2025.0         17.853942                NaN\n",
      "      QB         5 00-0036355      Justin Herbert  2025.0         17.834598          14.370493\n",
      "      QB         6 00-0036971     Trevor Lawrence  2025.0         17.639556          13.501089\n",
      "      QB         7 00-0036389         Jalen Hurts  2025.0         17.244188           6.996988\n",
      "      QB         8 00-0039732              Bo Nix  2025.0         16.833876          13.725655\n",
      "      QB         9 00-0033077        Dak Prescott  2025.0         16.714351           7.227229\n",
      "      QB        10 00-0037834         Brock Purdy  2025.0         16.674249           6.667465\n",
      "      RB         1 00-0033280 Christian McCaffrey  2025.0         22.455047          14.720759\n",
      "      RB         2 00-0038542      Bijan Robinson  2025.0         19.060821          15.176983\n",
      "      RB         3 00-0039139        Jahmyr Gibbs  2025.0         17.668151          13.952446\n",
      "      RB         4 00-0039040       De'Von Achane  2025.0         17.145369                NaN\n",
      "      RB         5 00-0036223     Jonathan Taylor  2025.0         15.861886          13.619728\n",
      "      RB         6 00-0036997    Javonte Williams  2025.0         14.659792          13.135849\n",
      "      RB         7 00-0040122       Ashton Jeanty  2025.0         14.479711          14.127249\n",
      "      RB         8 00-0036275       D'Andre Swift  2025.0         14.213691          13.742964\n",
      "      RB         9 00-0038597         Chase Brown  2025.0         14.046704           4.779581\n",
      "      RB        10 00-0037248          James Cook  2025.0         13.916157           6.993346\n",
      "      WR         1 00-0039075          Puka Nacua  2025.0         19.153548           5.338751\n",
      "      WR         2 00-0038543  Jaxon Smith-Njigba  2025.0         18.098828           9.043928\n",
      "      WR         3 00-0036963   Amon-Ra St. Brown  2025.0         17.020688           5.893028\n",
      "      WR         4 00-0036900       Ja'Marr Chase  2025.0         16.905763          13.754992\n",
      "      WR         5 00-0037238        Drake London  2025.0         15.216221           9.789611\n",
      "      WR         6 00-0037239         Chris Olave  2025.0         15.058290          11.048606\n",
      "      WR         7 00-0037247      George Pickens  2025.0         14.910901           8.152825\n",
      "      WR         8 00-0039067         Rashee Rice  2025.0         14.729452           7.819381\n",
      "      WR         9 00-0039064         Zay Flowers  2025.0         14.292198          10.606116\n",
      "      WR        10 00-0036554        Nico Collins  2025.0         14.232564           5.209424\n",
      "      TE         1 00-0037744        Trey McBride  2025.0         15.815346           6.392827\n",
      "      TE         2 00-0036970          Kyle Pitts  2025.0         12.307903           8.828515\n",
      "      TE         3 00-0030506        Travis Kelce  2025.0         11.623894           6.095931\n",
      "      TE         4 00-0040128        Tyler Warren  2025.0         11.495679           8.516765\n",
      "      TE         5 00-0039338        Brock Bowers  2025.0         10.997161           9.245417\n",
      "      TE         6 00-0039065         Sam LaPorta  2025.0         10.685538           7.779238\n",
      "      TE         7 00-0038996        Tucker Kraft  2025.0         10.434954           4.622687\n",
      "      TE         8 00-0036040       Juwan Johnson  2025.0         10.338883                NaN\n",
      "      TE         9 00-0033288       George Kittle  2025.0         10.252547           4.151158\n",
      "      TE        10 00-0040126    Colston Loveland  2025.0         10.041421           8.588070\n"
     ]
    }
   ],
   "source": [
    "nfl_stats = pd.read_csv('../data/raw/nfl_player_stats_2011_2025.csv')\n",
    "# 1) Build lookup from your original weekly stats (pick the right name column)\n",
    "# Replace 'player_display_name' with whatever column you have.\n",
    "NAME_COL = \"player_display_name\"  # <-- change if needed\n",
    "\n",
    "lookup = (\n",
    "    nfl_stats[[\"player_id\", NAME_COL]]\n",
    "    .dropna()\n",
    "    .drop_duplicates(subset=[\"player_id\"])\n",
    "    .rename(columns={NAME_COL: \"player_name\"})\n",
    ")\n",
    "\n",
    "# 2) Add names to combined predictions (or do this per-position)\n",
    "all_preds_df = pd.read_csv(\"../data/processed/nfl_to_nfl_all_predictions_2026.csv\")\n",
    "\n",
    "all_preds_named = all_preds_df.merge(lookup, on=\"player_id\", how=\"left\")\n",
    "\n",
    "# (optional) reorder columns\n",
    "cols = [\"position\", \"rank_pos\", \"player_id\", \"player_name\", \"season\", \"pred_fp_ppr_2026\"]\n",
    "cols = [c for c in cols if c in all_preds_named.columns] + \\\n",
    "       [c for c in all_preds_named.columns if c not in cols]\n",
    "all_preds_named = all_preds_named[cols]\n",
    "\n",
    "all_preds_named.to_csv(\"../data/processed/nfl_to_nfl_all_predictions_2026_named.csv\", index=False)\n",
    "\n",
    "# quick peek\n",
    "print(all_preds_named.groupby(\"position\").head(10).to_string(index=False))"
   ]
  }
 ],
 "metadata": {
  "kernelspec": {
   "display_name": ".venv",
   "language": "python",
   "name": "python3"
  },
  "language_info": {
   "codemirror_mode": {
    "name": "ipython",
    "version": 3
   },
   "file_extension": ".py",
   "mimetype": "text/x-python",
   "name": "python",
   "nbconvert_exporter": "python",
   "pygments_lexer": "ipython3",
   "version": "3.12.3"
  }
 },
 "nbformat": 4,
 "nbformat_minor": 5
}