{
 "cells": [
  {
   "cell_type": "code",
   "execution_count": 2,
   "id": "394ca3c0",
   "metadata": {},
   "outputs": [
    {
     "name": "stdout",
     "output_type": "stream",
     "text": [
      "\n",
      "Cross-validated performance (5-fold):\n",
      "position  n_rows  n_features  mse_mean  mse_std  mae_mean  mae_std  r2_mean   r2_std\n",
      "      QB     807          29 28.005955 3.465657  4.156378 0.185713 0.436087 0.052304\n",
      "      RB    1725          33 14.383724 1.883987  2.893085 0.165525 0.534169 0.048449\n",
      "      TE    1303          33  6.851728 0.571218  1.995766 0.140507 0.575600 0.037227\n",
      "      WR    2285          33 12.231286 0.840341  2.763663 0.093005 0.585513 0.041375\n"
     ]
    }
   ],
   "source": [
    "import pandas as pd\n",
    "import numpy as np\n",
    "\n",
    "from sklearn.model_selection import KFold, cross_validate\n",
    "from sklearn.pipeline import Pipeline\n",
    "from sklearn.impute import SimpleImputer\n",
    "from sklearn.ensemble import RandomForestRegressor\n",
    "from sklearn.metrics import mean_squared_error, mean_absolute_error, r2_score, make_scorer\n",
    "\n",
    "RANDOM_STATE = 42\n",
    "N_SPLITS = 5\n",
    "\n",
    "# ---- paths ----\n",
    "TRAIN_PATHS = {\n",
    "    \"QB\": \"../data/processed/nfl_to_nfl_qb_train.csv\",\n",
    "    \"RB\": \"../data/processed/nfl_to_nfl_rb_train.csv\",\n",
    "    \"WR\": \"../data/processed/nfl_to_nfl_wr_train.csv\",\n",
    "    \"TE\": \"../data/processed/nfl_to_nfl_te_train.csv\",\n",
    "}\n",
    "\n",
    "TARGET_COL = \"target_fp_ppr\"\n",
    "\n",
    "# ---- scorers ----\n",
    "mse_scorer = make_scorer(mean_squared_error, greater_is_better=False)  # neg MSE (sklearn convention)\n",
    "mae_scorer = make_scorer(mean_absolute_error, greater_is_better=False)\n",
    "\n",
    "def train_and_cv_position(pos: str, path: str):\n",
    "    df = pd.read_csv(path)\n",
    "\n",
    "    # Basic hygiene: drop rows missing target (should already be clean from R)\n",
    "    df = df.dropna(subset=[TARGET_COL]).copy()\n",
    "\n",
    "    # Define feature set: drop id + season bookkeeping + target columns\n",
    "    drop_cols = {TARGET_COL, \"target_games\", \"target_season\"}\n",
    "    # Keep season if you want it as a feature; I usually drop it to avoid \"year trend leakage\"\n",
    "    drop_cols.update({\"season\"})  # comment this out if you want season as a feature\n",
    "\n",
    "    # Always drop player_id from model features\n",
    "    drop_cols.update({\"player_id\"})\n",
    "\n",
    "    X = df.drop(columns=[c for c in drop_cols if c in df.columns])\n",
    "    y = df[TARGET_COL].astype(float)\n",
    "\n",
    "    # Numeric-only pipeline (everything should already be numeric)\n",
    "    # If any non-numeric slips in, coerce to numeric and set invalid to NaN\n",
    "    X = X.apply(pd.to_numeric, errors=\"coerce\")\n",
    "\n",
    "    model = RandomForestRegressor(\n",
    "        n_estimators=600,\n",
    "        random_state=RANDOM_STATE,\n",
    "        n_jobs=-1,\n",
    "        min_samples_leaf=2,\n",
    "    )\n",
    "\n",
    "    pipe = Pipeline(steps=[\n",
    "        (\"imputer\", SimpleImputer(strategy=\"median\")),\n",
    "        (\"rf\", model),\n",
    "    ])\n",
    "\n",
    "    cv = KFold(n_splits=N_SPLITS, shuffle=True, random_state=RANDOM_STATE)\n",
    "\n",
    "    cv_results = cross_validate(\n",
    "        pipe,\n",
    "        X,\n",
    "        y,\n",
    "        cv=cv,\n",
    "        scoring={\"neg_mse\": mse_scorer, \"neg_mae\": mae_scorer, \"r2\": \"r2\"},\n",
    "        return_train_score=False,\n",
    "        n_jobs=-1\n",
    "    )\n",
    "\n",
    "    # Summarize CV (convert neg errors back to positive)\n",
    "    summary = {\n",
    "        \"position\": pos,\n",
    "        \"n_rows\": len(df),\n",
    "        \"n_features\": X.shape[1],\n",
    "        \"mse_mean\": float((-cv_results[\"test_neg_mse\"]).mean()),\n",
    "        \"mse_std\": float((-cv_results[\"test_neg_mse\"]).std(ddof=1)),\n",
    "        \"mae_mean\": float((-cv_results[\"test_neg_mae\"]).mean()),\n",
    "        \"mae_std\": float((-cv_results[\"test_neg_mae\"]).std(ddof=1)),\n",
    "        \"r2_mean\": float(cv_results[\"test_r2\"].mean()),\n",
    "        \"r2_std\": float(cv_results[\"test_r2\"].std(ddof=1)),\n",
    "    }\n",
    "\n",
    "    # Fit final model on all training data\n",
    "    pipe.fit(X, y)\n",
    "\n",
    "    return pipe, summary\n",
    "\n",
    "\n",
    "def main():\n",
    "    models = {}\n",
    "    summaries = []\n",
    "\n",
    "    for pos, path in TRAIN_PATHS.items():\n",
    "        pipe, summary = train_and_cv_position(pos, path)\n",
    "        models[pos] = pipe\n",
    "        summaries.append(summary)\n",
    "\n",
    "    results_df = pd.DataFrame(summaries).sort_values(\"position\")\n",
    "    print(\"\\nCross-validated performance (5-fold):\")\n",
    "    print(results_df.to_string(index=False))\n",
    "\n",
    "    # If you want to save models next step, we can joblib.dump() them.\n",
    "    return models, results_df\n",
    "\n",
    "\n",
    "if __name__ == \"__main__\":\n",
    "    models, results_df = main()"
   ]
  },
  {
   "cell_type": "code",
   "execution_count": 7,
   "id": "9d07e71e",
   "metadata": {},
   "outputs": [
    {
     "name": "stdout",
     "output_type": "stream",
     "text": [
      " player_id  season  pred_fp_ppr_2026 position  rank_pos\n",
      "00-0034857    2025         20.197942       QB         1\n",
      "00-0039851    2025         19.809860       QB         2\n",
      "00-0033873    2025         18.635076       QB         3\n",
      "00-0026498    2025         17.927536       QB         4\n",
      "00-0036355    2025         17.772165       QB         5\n",
      "00-0036971    2025         17.580482       QB         6\n",
      "00-0036389    2025         17.300487       QB         7\n",
      "00-0039732    2025         16.841999       QB         8\n",
      "00-0037834    2025         16.690418       QB         9\n",
      "00-0033077    2025         16.567544       QB        10\n",
      "00-0033280    2025         22.652920       RB         1\n",
      "00-0038542    2025         18.974998       RB         2\n",
      "00-0039139    2025         17.677962       RB         3\n",
      "00-0039040    2025         17.557218       RB         4\n",
      "00-0036223    2025         15.535954       RB         5\n",
      "00-0040715    2025         14.809412       RB         6\n",
      "00-0038597    2025         14.353827       RB         7\n",
      "00-0036997    2025         14.286573       RB         8\n",
      "00-0037248    2025         14.026300       RB         9\n",
      "00-0036275    2025         14.008385       RB        10\n",
      "00-0039075    2025         19.257836       WR         1\n",
      "00-0038543    2025         18.146416       WR         2\n",
      "00-0036963    2025         17.048330       WR         3\n",
      "00-0036900    2025         16.539808       WR         4\n",
      "00-0037247    2025         15.055007       WR         5\n",
      "00-0037238    2025         15.032502       WR         6\n",
      "00-0037239    2025         15.025153       WR         7\n",
      "00-0039067    2025         14.439776       WR         8\n",
      "00-0039064    2025         14.365259       WR         9\n",
      "00-0036554    2025         14.122663       WR        10\n",
      "00-0037744    2025         15.854171       TE         1\n",
      "00-0036970    2025         12.309264       TE         2\n",
      "00-0030506    2025         11.685651       TE         3\n",
      "00-0040128    2025         11.104702       TE         4\n",
      "00-0039338    2025         11.007104       TE         5\n",
      "00-0039065    2025         10.736757       TE         6\n",
      "00-0038996    2025         10.384170       TE         7\n",
      "00-0036040    2025         10.337372       TE         8\n",
      "00-0033288    2025         10.205565       TE         9\n",
      "00-0040126    2025          9.875523       TE        10\n"
     ]
    }
   ],
   "source": [
    "PREDICT_PATHS = {\n",
    "    \"QB\": \"../data/processed/nfl_to_nfl_qb_predict_2026.csv\",\n",
    "    \"RB\": \"../data/processed/nfl_to_nfl_rb_predict_2026.csv\",\n",
    "    \"WR\": \"../data/processed/nfl_to_nfl_wr_predict_2026.csv\",\n",
    "    \"TE\": \"../data/processed/nfl_to_nfl_te_predict_2026.csv\",\n",
    "}\n",
    "\n",
    "def predict_position(pos: str, model, path: str) -> pd.DataFrame:\n",
    "    df = pd.read_csv(path)\n",
    "\n",
    "    # Keep identifiers for output\n",
    "    id_cols = [c for c in [\"player_id\", \"season\"] if c in df.columns]\n",
    "\n",
    "    X = df.drop(columns=[c for c in id_cols if c in df.columns]).copy()\n",
    "\n",
    "    # Ensure numeric (any bad parse -> NaN, handled by imputer inside pipeline)\n",
    "    X = X.apply(pd.to_numeric, errors=\"coerce\")\n",
    "\n",
    "    preds = model.predict(X)\n",
    "\n",
    "    out = df[id_cols].copy() if id_cols else pd.DataFrame(index=df.index)\n",
    "    out[\"pred_fp_ppr_2026\"] = preds\n",
    "    out[\"position\"] = pos\n",
    "\n",
    "    # rank within position\n",
    "    out = out.sort_values(\"pred_fp_ppr_2026\", ascending=False).reset_index(drop=True)\n",
    "    out[\"rank_pos\"] = np.arange(1, len(out) + 1)\n",
    "\n",
    "    return out\n",
    "\n",
    "# Generate predictions + save ranked outputs\n",
    "all_preds = []\n",
    "for pos, path in PREDICT_PATHS.items():\n",
    "    pred_df = predict_position(pos, models[pos], path)\n",
    "    all_preds.append(pred_df)\n",
    "\n",
    "    # save per position\n",
    "    pred_df.to_csv(f\"../data/processed/nfl_to_nfl_{pos.lower()}_predictions_2026.csv\", index=False)\n",
    "\n",
    "# combined file\n",
    "all_preds_df = pd.concat(all_preds, ignore_index=True)\n",
    "all_preds_df.to_csv(\"../data/processed/nfl_to_nfl_all_predictions_2026.csv\", index=False)\n",
    "\n",
    "print(all_preds_df.groupby(\"position\").head(10).to_string(index=False))"
   ]
  },
  {
   "cell_type": "code",
   "execution_count": 9,
   "id": "a4f68103",
   "metadata": {},
   "outputs": [
    {
     "name": "stderr",
     "output_type": "stream",
     "text": [
      "C:\\Users\\Samg1\\AppData\\Local\\Temp\\ipykernel_20876\\4251301044.py:1: DtypeWarning: Columns (0: fg_blocked_list, 1: game_id) have mixed types. Specify dtype option on import or set low_memory=False.\n",
      "  nfl_stats = pd.read_csv('../data/raw/nfl_player_stats_2011_2025.csv')\n"
     ]
    },
    {
     "name": "stdout",
     "output_type": "stream",
     "text": [
      "position  rank_pos  player_id         player_name  season  pred_fp_ppr_2026\n",
      "      QB         1 00-0034857          Josh Allen    2025         20.197942\n",
      "      QB         2 00-0039851          Drake Maye    2025         19.809860\n",
      "      QB         3 00-0033873     Patrick Mahomes    2025         18.635076\n",
      "      QB         4 00-0026498    Matthew Stafford    2025         17.927536\n",
      "      QB         5 00-0036355      Justin Herbert    2025         17.772165\n",
      "      QB         6 00-0036971     Trevor Lawrence    2025         17.580482\n",
      "      QB         7 00-0036389         Jalen Hurts    2025         17.300487\n",
      "      QB         8 00-0039732              Bo Nix    2025         16.841999\n",
      "      QB         9 00-0037834         Brock Purdy    2025         16.690418\n",
      "      QB        10 00-0033077        Dak Prescott    2025         16.567544\n",
      "      RB         1 00-0033280 Christian McCaffrey    2025         22.652920\n",
      "      RB         2 00-0038542      Bijan Robinson    2025         18.974998\n",
      "      RB         3 00-0039139        Jahmyr Gibbs    2025         17.677962\n",
      "      RB         4 00-0039040       De'Von Achane    2025         17.557218\n",
      "      RB         5 00-0036223     Jonathan Taylor    2025         15.535954\n",
      "      RB         6 00-0040715        Cam Skattebo    2025         14.809412\n",
      "      RB         7 00-0038597         Chase Brown    2025         14.353827\n",
      "      RB         8 00-0036997    Javonte Williams    2025         14.286573\n",
      "      RB         9 00-0037248          James Cook    2025         14.026300\n",
      "      RB        10 00-0036275       D'Andre Swift    2025         14.008385\n",
      "      WR         1 00-0039075          Puka Nacua    2025         19.257836\n",
      "      WR         2 00-0038543  Jaxon Smith-Njigba    2025         18.146416\n",
      "      WR         3 00-0036963   Amon-Ra St. Brown    2025         17.048330\n",
      "      WR         4 00-0036900       Ja'Marr Chase    2025         16.539808\n",
      "      WR         5 00-0037247      George Pickens    2025         15.055007\n",
      "      WR         6 00-0037238        Drake London    2025         15.032502\n",
      "      WR         7 00-0037239         Chris Olave    2025         15.025153\n",
      "      WR         8 00-0039067         Rashee Rice    2025         14.439776\n",
      "      WR         9 00-0039064         Zay Flowers    2025         14.365259\n",
      "      WR        10 00-0036554        Nico Collins    2025         14.122663\n",
      "      TE         1 00-0037744        Trey McBride    2025         15.854171\n",
      "      TE         2 00-0036970          Kyle Pitts    2025         12.309264\n",
      "      TE         3 00-0030506        Travis Kelce    2025         11.685651\n",
      "      TE         4 00-0040128        Tyler Warren    2025         11.104702\n",
      "      TE         5 00-0039338        Brock Bowers    2025         11.007104\n",
      "      TE         6 00-0039065         Sam LaPorta    2025         10.736757\n",
      "      TE         7 00-0038996        Tucker Kraft    2025         10.384170\n",
      "      TE         8 00-0036040       Juwan Johnson    2025         10.337372\n",
      "      TE         9 00-0033288       George Kittle    2025         10.205565\n",
      "      TE        10 00-0040126    Colston Loveland    2025          9.875523\n"
     ]
    }
   ],
   "source": [
    "nfl_stats = pd.read_csv('../data/raw/nfl_player_stats_2011_2025.csv')\n",
    "# 1) Build lookup from your original weekly stats (pick the right name column)\n",
    "# Replace 'player_display_name' with whatever column you have.\n",
    "NAME_COL = \"player_display_name\"  # <-- change if needed\n",
    "\n",
    "lookup = (\n",
    "    nfl_stats[[\"player_id\", NAME_COL]]\n",
    "    .dropna()\n",
    "    .drop_duplicates(subset=[\"player_id\"])\n",
    "    .rename(columns={NAME_COL: \"player_name\"})\n",
    ")\n",
    "\n",
    "# 2) Add names to combined predictions (or do this per-position)\n",
    "all_preds_df = pd.read_csv(\"../data/processed/nfl_to_nfl_all_predictions_2026.csv\")\n",
    "\n",
    "all_preds_named = all_preds_df.merge(lookup, on=\"player_id\", how=\"left\")\n",
    "\n",
    "# (optional) reorder columns\n",
    "cols = [\"position\", \"rank_pos\", \"player_id\", \"player_name\", \"season\", \"pred_fp_ppr_2026\"]\n",
    "cols = [c for c in cols if c in all_preds_named.columns] + \\\n",
    "       [c for c in all_preds_named.columns if c not in cols]\n",
    "all_preds_named = all_preds_named[cols]\n",
    "\n",
    "all_preds_named.to_csv(\"../data/processed/nfl_to_nfl_all_predictions_2026_named.csv\", index=False)\n",
    "\n",
    "# quick peek\n",
    "print(all_preds_named.groupby(\"position\").head(10).to_string(index=False))"
   ]
  }
 ],
 "metadata": {
  "kernelspec": {
   "display_name": ".venv",
   "language": "python",
   "name": "python3"
  },
  "language_info": {
   "codemirror_mode": {
    "name": "ipython",
    "version": 3
   },
   "file_extension": ".py",
   "mimetype": "text/x-python",
   "name": "python",
   "nbconvert_exporter": "python",
   "pygments_lexer": "ipython3",
   "version": "3.12.3"
  }
 },
 "nbformat": 4,
 "nbformat_minor": 5
}
